000001100000 
111010000000 
111010100000 
000011000000 
111100000000 
000110100000 
111110100000 
000101000000 
000011100000 
000101000000 
000011100000 
111110000000 
000011000000 
111111100000 
111111100000 
111100100000 
111111100000 
111100100000 
111100100000 
000011000000 
111011000000 
000101100000 
111110000000 
000110000000 
111110100000 
111011000000 
000011000000 
111110000000 
111111100000 
111010100000 
000010100000 
000001100000 
000000000000 
111101100000 
000000000000 
111001100000 
111100000000 
111101100000 
111101100000 
000001100000 
111110000000 
000110000000 
111111000000 
000101100000 
000000000000 
000110000000 
111011100000 
000010100000 
111010000000 
111011100000 
000001100000 
111100000000 
000000000000 
000010000000 
111100100000 
111101100000 
000101100000 
000001000000 
000001100000 
111110100000 
000111100000 
111001000000 
000100100000 
111011100000 
111111000000 
111100000000 
111101100000 
111110000000 
000111000000 
000101100000 
000011000000 
000110100000 
000110100000 
111100100000 
111010000000 
111101000000 
000110000000 
000010000000 
000100100000 
111110100000 
000110000000 
000011100000 
000001100000 
000010000000 
111111000000 
111101100000 
111110000000 
111011000000 
111110100000 
111011100000 
111001000000 
000100000000 
111110000000 
000000000000 
111001000000 
000010100000 
111101100000 
111110100000 
111111000000 
111110000000 
111110000000 
111100000000 
000010100000 
111011000000 
111011100000 
111101100000 
000100100000 
000110000000 
111010000000 
000000100000 
111111100000 
111010100000 
111101000000 
000001100000 
111110100000 
000101000000 
000011000000 
000111100000 
000010000000 
000111100000 
111110100000 
000010000000 
000100000000 
111010000000 
111100000000 
111001100000 
000010100000 
111000100000 
111011000000 
000000000000 
111011000000 
111111000000 
111011100000 
000101000000 
000000100000 
111001000000 
111011000000 
111011100000 
000100100000 
000000000000 
111110000000 
111110000000 
000001100000 
000111100000 
000010100000 
000111000000 
000000100000 
111001000000 
111111100000 
000011000000 
000111100000 
111011000000 
000011000000 
111000100000 
000110100000 
000011100000 
000110000000 
111001100000 
111011000000 
111010000000 
111001100000 
111110100000 
000000000000 
000111100000 
000011100000 
111100000000 
000000100000 
000111000000 
000111000000 
000011000000 
111101000000 
000011000000 
111001100000 
111011100000 
111000100000 
111010000000 
111010100000 
000011100000 
000101100000 
000010000000 
111111000000 
000010100000 
000000100000 
000001000000 
000111000000 
000000000000 
000110100000 
000100000000 
111001000000 
111010000000 
111100000000 
111100000000 
111101000000 
111001000000 
000001000000 
111010100000 
111010100000 
111101000000 
111110100000 
000010000000 
111011001000 
001011011000 
000100010000 
001001101000 
110101010000 
111100100000 
000011000000 
110101101000 
110100110000 
001011011000 
001011101000 
111011011000 
000110111000 
111100110000 
111011101000 
110100101000 
110110011000 
110001111000 
000110111000 
110011110000 
000110000000 
110110001000 
000011111000 
001000000000 
001111011000 
001001010000 
110100101000 
001010010000 
110101100000 
111101011000 
000010010000 
110100101000 
110000011000 
110001111000 
000110101000 
001011110000 
000100110000 
000011101000 
001101110000 
000000001000 
001111000000 
001100011000 
111000111000 
111011110000 
110000011000 
111110000000 
111101011000 
111010011000 
001001011000 
110010011000 
000000110000 
000001101000 
111010100000 
110010110000 
000111001000 
001101010000 
111111001000 
001100001000 
000010000000 
110011011000 
001110111000 
000111011000 
111110110000 
111011111000 
111111101000 
111000110000 
111101100000 
001011110000 
110100010000 
001011111000 
000001110000 
001010001000 
111101001000 
000101110000 
001100001000 
111101011000 
000011110000 
001100101000 
000000010000 
001001100000 
001101111000 
001100110000 
001010011000 
110011100000 
110010101000 
111111111000 
000101010000 
110100000000 
001100000000 
110100011000 
110010110000 
111001110000 
001011100000 
000110111000 
111101000000 
000110110000 
111000001000 
111111101000 
001111111000 
001011010000 
110100010000 
001101111000 
000101011000 
111111110000 
001111110000 
000111111000 
111101111000 
000111000000 
110000101000 
111010111000 
001110011000 
000111011000 
111111100000 
000111111000 
110101011000 
000101111000 
000010011000 
001110010000 
001111010000 
001111000000 
000100101000 
110101011000 
000110011000 
110110001000 
111010101000 
000101010000 
110000110000 
001101100000 
001110100000 
110001110000 
000011100000 
000001001000 
111001000000 
000011110000 
000101111000 
111010101000 
000101100000 
001001110000 
111110100000 
001100010000 
111110000000 
110010001000 
110011010000 
001001111000 
111110101000 
110000111000 
000101100000 
111000011000 
000000000000 
000101011000 
000010110000 
111010000000 
001101110000 
001011100000 
110001100000 
001101011000 
001100101000 
111000100000 
000110000000 
111101000000 
000011000000 
111110101000 
001100010000 
001010010000 
000100111000 
110000101000 
000101101000 
111110101000 
001011000000 
000010110000 
111011000000 
111000000000 
000010010000 
110011110000 
110001110000 
001101100000 
110100010000 
001001100000 
111100101000 
000110010000 
000011010000 
000010000000 
001010001000 
000000110000 
110100111000 
000110001000 
110000110000 
000101010000 
110001000000 
110101111000 
000110001000 
000101101000 
111110110000 
111000100000 
001001110000 
111100110000 
111100101000 
110110011000 
111001110000 
001010010000 
111111100100 
111110101000 
111110111100 
000011010100 
111110100000 
000011110100 
000011110000 
111101010000 
000000010000 
111101110000 
000001000100 
111100101100 
111100110000 
111110000100 
000011000100 
000010001100 
000001011000 
111100010100 
111110010100 
000010110000 
000011110000 
000010101000 
000010010000 
111100110100 
000001001000 
000011000100 
111111110100 
000001011000 
000000111100 
000001100000 
111111110000 
000001011100 
111101101100 
111100100000 
000011111000 
000011110000 
000001111100 
000011101100 
111101101000 
111101010000 
000011110100 
111100111100 
000000100100 
111110100000 
000000001100 
111101000100 
000001100100 
000010111000 
111110010100 
111111100100 
111101000000 
111101010000 
000011111000 
000000111000 
111101111000 
000001000100 
111111111100 
111100111000 
111100110000 
111110100100 
000001011000 
000010101000 
000001101100 
111100001000 
111100011000 
111111101100 
000001000100 
111101110100 
000010100000 
111111101100 
111101101000 
111110100000 
111100100100 
000000111000 
000000011100 
111100011000 
111111101000 
111101001000 
111110111000 
111110000100 
000000101000 
111111011000 
000001101100 
000000011000 
111101111000 
111111111100 
000011111000 
111100011000 
111100100100 
000001001100 
111110110000 
111101001000 
000010100100 
111111110000 
000010001100 
000011011100 
111110000100 
111110111000 
111111000000 
111101111100 
111101100100 
111100100100 
111101001000 
000010011000 
000001010100 
000000010000 
111100001100 
111100100100 
111110110100 
111111000100 
111111011100 
000011001100 
111100011100 
000000010000 
111111001100 
111111101000 
000010011000 
000010011000 
111101111000 
000000111000 
000000000000 
111111010100 
111100011000 
111101000000 
111101010000 
111111110100 
000001011000 
111100101000 
111101101100 
000000011100 
000010100000 
111101101100 
000001100000 
000011100000 
111111100000 
111110110100 
000000111000 
000010111100 
000001100100 
111100110000 
111110100100 
000001100100 
000010010000 
111101001000 
000000000100 
000000111000 
111111111000 
000001010100 
111101011100 
111110110000 
000010101000 
000001010100 
111100001100 
000001001000 
111111100000 
000001000000 
000011101000 
000010000000 
111110000000 
000001101100 
111101111000 
111101110100 
000011000100 
000010001100 
000001100000 
111110110100 
000010110100 
111110000000 
111111101000 
000001101100 
111110111000 
000010111100 
111100010000 
000011010000 
000010101000 
111110001100 
111111001000 
000000000000 
000011111100 
111111011100 
000001101100 
000011101000 
000000000000 
111101101100 
000011110000 
000011000100 
111110101100 
111100110000 
000000110000 
000000111100 
000010100100 
111110110000 
000011111100 
111100111100 
111100101000 
111110101100 
111111111100 
111101101000 
000010111000 
000011110000 
000011010000 
000000000000 
111100110000 
111111110000 
111111100000 
111111100000 
111100100000 
000000100000 
000010010000 
000011110000 
111101100000 
000010110000 
000000010000 
000000000000 
000000000000 
000011100000 
111111010000 
111111110000 
000000100000 
111111110000 
111111100000 
000011010000 
000000000000 
111101000000 
000000110000 
000010010000 
111100010000 
111101100000 
000001100000 
111111110000 
000011100000 
111110100000 
111100100000 
111100110000 
111110100000 
000000110000 
111110000000 
000000000000 
111111010000 
000000010000 
111100100000 
000000100000 
111101100000 
000000110000 
000001010000 
000001010000 
111101010000 
111100100000 
000010000000 
000000000000 
111111000000 
000000110000 
000001010000 
111110000000 
000011100000 
111101100000 
000000000000 
000000100000 
111101010000 
111111010000 
111110000000 
111110000000 
111101100000 
000011110000 
000011100000 
111111010000 
111100010000 
111111000000 
111101100000 
111111100000 
000000110000 
111110100000 
111100110000 
111100100000 
111100100000 
111100010000 
000010000000 
111101000000 
000011010000 
111111010000 
111110100000 
000001110000 
000010100000 
000011100000 
111111110000 
000000000000 
111111100000 
000000110000 
000001110000 
000001100000 
111110110000 
000000100000 
000010100000 
111111010000 
000011010000 
111110110000 
111110100000 
111101110000 
111101000000 
111111010000 
000001110000 
000000000000 
000010110000 
111101100000 
000011110000 
111110000000 
111111110000 
000001010000 
111110100000 
111101010000 
111111110000 
000010000000 
000010100000 
111111000000 
000000000000 
000011000000 
111110000000 
000011100000 
000011100000 
111111110000 
111111110000 
000001010000 
000011010000 
000001000000 
111111100000 
000000000000 
111110010000 
111111110000 
111111110000 
111110000000 
000010010000 
000000000000 
111100100000 
000000000000 
000011000000 
000001010000 
111110010000 
000010100000 
000011000000 
111100100000 
000000110000 
000001000000 
000011000000 
000011110000 
000001010000 
000011000000 
111100010000 
111100100000 
000001100000 
000000000000 
111101100000 
111110000000 
000010100000 
111111010000 
111111100000 
111110000000 
111111100000 
000001010000 
000011100000 
111111010000 
111111100000 
000011010000 
000001110000 
000000110000 
111110100000 
000010100000 
111110100000 
000011100000 
000000000000 
000011110000 
000001010000 
111100110000 
000010100000 
000000000000 
111101000000 
000010110000 
000000110000 
111100100000 
000000100000 
000001000000 
111111110000 
000010000000 
000010000000 
000011100000 
000011000000 
111101000000 
111100110000 
000000110000 
111100010000 
000011110000 
000001000000 
111110000000 
111100100000 
111111000000 
000001010000 
111111000000 
000000100000 
000000000000 
000001000000 
111101100000 
111111111100 
111101001000 
000100100010 
000111110100 
111010001100 
111110001010 
000010101110 
000011000100 
111101001010 
000000010000 
000000010100 
111111001100 
111000101010 
000011000100 
000000001010 
000110111100 
000110100000 
111111110100 
111110100110 
000001001110 
111011111110 
000100001110 
111000111100 
111101001110 
000010100110 
000011001000 
000011100100 
000000100010 
111000000110 
111011010110 
000100001110 
000110000110 
111111001010 
000011111100 
111101010010 
111001000110 
111111001100 
000100000100 
000011101000 
000100011010 
111111111110 
000100101110 
111110111100 
000001011100 
111001111100 
111010110010 
000011110100 
111110100110 
111101000110 
111111011110 
111111010010 
000100010100 
111101110110 
111010111010 
000000101100 
000111110100 
111010100100 
111110001000 
000011010000 
111110011000 
000101011000 
000101011010 
000110010000 
000011010000 
111011010100 
111011010100 
111000011100 
111000111000 
111000000010 
000011101000 
111001000110 
000111011100 
111011111100 
111000000110 
000001110010 
000001110000 
000101110110 
000110101110 
000110011000 
111011110100 
111011101110 
111111011110 
111110000010 
000010000000 
000101000000 
000111010000 
111111111100 
111100000110 
111101111010 
111000110000 
111011101000 
111111001110 
000111000100 
111011101110 
111011111000 
111011001000 
000010101100 
111011010100 
111001010000 
000010101000 
111010110000 
111110001110 
111100100100 
111100010010 
000010111010 
111000100000 
111100010000 
000101110110 
000010000000 
111011111000 
111110110100 
000110000000 
111111111010 
000111010010 
111110100110 
111001001110 
111110010010 
000001101010 
000110001000 
111011100000 
111001001100 
111001000110 
111010010000 
000100001110 
111111000000 
000000010110 
000110100100 
000000011000 
000101010110 
111001111110 
000001001100 
000110001000 
000111101100 
000000011100 
111011011000 
111111001010 
111010001110 
111111111010 
000011001100 
000101101010 
000001010010 
000001101010 
000101000110 
111011010110 
111110111000 
000101101000 
000101111000 
000011010110 
111011000000 
111101110000 
000001111010 
000111110110 
000000000100 
111010110010 
000101111110 
111100100110 
111010001000 
111100101000 
000100011010 
111001110010 
000100010000 
111011110110 
111100110000 
111101001100 
111010010010 
000010010110 
111010111100 
000111001110 
000111101010 
111111111100 
000100110110 
111101001010 
111000100110 
111110100000 
111101101100 
000011110010 
111111000010 
000011100110 
000110101000 
000111100100 
000001110000 
000011101110 
111011001100 
000111001000 
000110101010 
111111100000 
111100000010 
000011011100 
111001101100 
000100100100 
111001111100 
111011101010 
111110101010 
000100000000 
000010111010 
000100001100 
111110101010 
000110011000 
111011101000 
000111010110 
