000011000000 
000111100000 
000110100000 
111010100000 
111111000000 
000100000000 
111011000000 
000111100000 
111111000000 
000100000000 
000110100000 
111011100000 
000001000000 
000010000000 
111111000000 
000110100000 
111011100000 
000000100000 
111111100000 
111010000000 
000100000000 
000000000000 
111000100000 
111100000000 
111011000000 
000101000000 
000100100000 
000110000000 
000100000000 
000100100000 
111011100000 
000101100000 
000111100000 
000000100000 
111010100000 
111100100000 
000001100000 
111010100000 
111110100000 
111010100000 
000000000000 
000111000000 
111110000000 
000000000000 
000110100000 
111100100000 
000111100000 
111010100000 
000000100000 
000001100000 
111110000000 
000101000000 
111111000000 
000110100000 
111000100000 
111010100000 
111101000000 
111011000000 
000000000000 
000010000000 
111110000000 
000000000000 
000001000000 
000001000000 
000000000000 
111011100000 
111011000000 
111100000000 
111010100000 
111100100000 
000001000000 
111110100000 
000010000000 
000010000000 
111111000000 
111110000000 
111110100000 
000001000000 
111010000000 
111011000000 
111101100000 
000011100000 
000000000000 
111110100000 
000111000000 
111100000000 
111111100000 
111110000000 
000100100000 
111011000000 
111001000000 
000010100000 
111110100000 
000000100000 
111100100000 
000110000000 
000111100000 
000001000000 
111011000000 
111101100000 
111101100000 
111111000000 
000100000000 
000000000000 
000001000000 
111001000000 
000111000000 
000000100000 
111101100000 
000010000000 
111010000000 
000000000000 
111010000000 
111111100000 
000001000000 
111011100000 
000111100000 
000110000000 
111001100000 
000110100000 
000010000000 
000000100000 
111110100000 
000011000000 
000100100000 
000101000000 
000100100000 
111111100000 
000101000000 
111011100000 
000011000000 
111011000000 
111100000000 
111111000000 
000100000000 
000001100000 
111110100000 
111100100000 
000001000000 
111011100000 
111101000000 
111111100000 
000110100000 
000011000000 
000101000000 
000001100000 
000001000000 
111110100000 
000110000000 
000000100000 
111010100000 
000101100000 
000011100000 
111001000000 
000101100000 
111110100000 
000110100000 
111001000000 
000110000000 
000101100000 
111110000000 
111101000000 
000110100000 
111010100000 
000000000000 
000111000000 
111111100000 
111100100000 
000111100000 
000100000000 
000001000000 
000111000000 
111111100000 
000001000000 
000100100000 
111100100000 
111011100000 
000101100000 
000100000000 
111111000000 
000111100000 
111100000000 
000010100000 
111110100000 
111100100000 
000111100000 
000001000000 
111001100000 
111110100000 
000011000000 
000100100000 
111010100000 
000100000000 
000101100000 
000001000000 
000110000000 
111110000000 
111001000000 
000011000000 
000100000000 
111011110000 
000110001000 
000100000000 
001000111000 
000000111000 
001110000000 
110010110000 
110010101000 
000100111000 
111010000000 
110111110000 
001011010000 
111011101000 
001000111000 
001100011000 
110110010000 
001110001000 
001101011000 
111011011000 
110000111000 
110101001000 
110010011000 
001111100000 
110010111000 
111001111000 
111001010000 
000111100000 
001011110000 
110101001000 
110110100000 
111101001000 
111010000000 
001100000000 
110111101000 
001001010000 
111110110000 
000001001000 
001010111000 
110010000000 
111111110000 
111100000000 
001000111000 
000110110000 
000011111000 
110110101000 
111111100000 
110110111000 
001001000000 
111101011000 
111110001000 
001000110000 
000111111000 
110001111000 
000100100000 
111000110000 
111101011000 
000001100000 
001100100000 
000011100000 
000010000000 
111011000000 
001001101000 
001100000000 
110100101000 
111010110000 
000011101000 
001001100000 
110011000000 
000001010000 
000110111000 
111110011000 
001011101000 
110101001000 
000111001000 
000011011000 
111000100000 
000010110000 
000001100000 
001100110000 
111011110000 
111011000000 
000110100000 
001100000000 
000000111000 
001011011000 
000000000000 
110111100000 
110101001000 
001011001000 
001101101000 
000001101000 
000011001000 
110101111000 
001101110000 
110100000000 
001011000000 
110111000000 
001011100000 
110110011000 
111000100000 
001001111000 
000010011000 
110001001000 
000000000000 
001111000000 
001011110000 
001101111000 
001101111000 
111011110000 
000101011000 
001110010000 
111001001000 
000110110000 
111000101000 
111111111000 
000111100000 
111011101000 
000010101000 
000010010000 
001011010000 
110010001000 
001000000000 
111001011000 
000111000000 
111110011000 
000011111000 
000000010000 
110100110000 
001110000000 
110001010000 
001110101000 
000001000000 
001001101000 
001010001000 
000000111000 
000001100000 
111010011000 
001101001000 
110111100000 
110101011000 
001001010000 
001111101000 
001000111000 
000111010000 
111001111000 
111100101000 
001000100000 
111100110000 
111011000000 
110000101000 
000001101000 
111011101000 
110011110000 
000010101000 
110010100000 
000010110000 
001111110000 
001011010000 
111011111000 
111000111000 
000011011000 
001101110000 
001111101000 
000110000000 
111000111000 
001000111000 
000110111000 
111110101000 
001001101000 
000010111000 
110011110000 
110111010000 
000110010000 
001001011000 
111000111000 
001010110000 
000100000000 
111011001000 
001101101000 
001101111000 
001000010000 
110101101000 
111110011000 
000000000000 
000000001000 
110100111000 
000011010000 
000100111000 
110001110000 
001000001000 
111110101000 
110100000000 
111100100000 
000101011000 
000001000000 
110011100000 
111000011000 
111100110000 
111110001000 
111001010000 
111101101100 
111110100000 
000011101100 
000001110100 
111100001100 
000011110000 
111101110000 
111111001000 
000010101000 
000011011100 
111100001000 
000010000000 
000001011000 
000011001100 
000010000100 
111101011100 
000001000100 
111111111100 
111101000100 
000001001100 
000001111100 
111110110100 
111100101000 
000011100100 
111101000100 
000000010000 
000001101000 
000001110100 
111111000000 
000010111000 
000001010000 
000000010000 
111111111100 
000011011100 
000010001000 
111101010100 
000010100000 
111111110000 
000011001100 
111100100100 
111101100000 
000010011100 
000011000100 
111111110000 
111110111100 
111101001000 
000011111000 
111110110100 
000001011000 
000010001000 
000011101100 
111110101000 
111100000100 
000010111000 
111111111000 
111101001100 
111100001100 
000011100000 
111110011100 
000010101000 
000001000000 
111111111000 
000000110100 
111110001000 
000001100100 
000000100000 
000000111100 
000001101000 
111100001000 
111110001000 
000001111100 
000000110100 
111101110000 
000011111100 
111100101000 
111111100000 
111101110000 
111100101100 
111101010000 
000011100000 
000011110100 
111110110000 
111100100000 
111100010000 
111100100000 
000001100000 
000010010000 
000011111000 
000011010100 
000001110000 
111110111000 
111111110000 
111101100100 
000010000100 
111100001000 
111101111100 
111101111100 
000010111100 
000010000100 
000000000100 
111111000100 
000011010000 
111101000100 
111100100100 
111110110100 
111100100100 
111111001000 
000001001000 
111101100000 
000000101000 
000010010000 
000010001100 
000011010000 
111101000000 
111110111100 
111110000000 
000010001000 
000010001100 
000011001100 
000001111100 
111110001100 
000000010100 
111111101000 
000001110000 
000001100100 
111111010100 
000000001000 
111100011000 
111101010100 
111100011000 
000000100100 
111111111000 
000010111000 
000010001100 
111111111100 
000011001000 
111100110000 
111101011000 
000001011100 
000010111100 
000000111100 
000010100000 
000001111000 
111110000100 
000011000100 
000001001000 
000000100000 
111101101000 
111111110100 
000011110000 
111101110100 
111100111100 
111110101000 
111111100100 
111100110100 
111111010100 
000000101000 
111100010100 
111111100000 
000010001100 
000000101100 
000010001100 
000000100000 
111111100000 
111100011000 
000010110000 
111111110100 
111101100000 
000010000000 
111100101000 
111110110000 
000000110100 
000001001100 
000000000000 
000000001000 
111101011000 
111111010000 
111111001100 
111100101100 
111111100000 
000011011000 
000001010000 
111101000000 
111101001000 
111111111000 
000001110100 
111111000000 
111110000100 
000010010000 
111110001000 
111101010100 
111101001100 
000000000100 
111111001000 
111101111100 
111101110000 
111100011100 
000010100100 
111110000100 
000001110100 
111111000000 
111101000000 
000001000000 
111111110000 
111111000000 
000000100000 
000001110000 
111111010000 
000001100000 
111100110000 
000000000000 
000011110000 
000011010000 
000001010000 
111111010000 
000010100000 
111111100000 
111111110000 
000011110000 
111110100000 
000010110000 
000001010000 
000000100000 
111111110000 
000001100000 
111111100000 
000000000000 
000010100000 
000000110000 
000000000000 
111111100000 
000000000000 
111101100000 
111100010000 
000001000000 
111101000000 
000011100000 
111100100000 
111101010000 
000010000000 
111111010000 
111110000000 
111110010000 
111101110000 
000001110000 
000001010000 
111111010000 
111111100000 
000011000000 
111110000000 
111111100000 
111110000000 
000000110000 
111100100000 
111111010000 
000011110000 
111101110000 
111101000000 
000010110000 
000011010000 
111110010000 
111111100000 
000000110000 
000000100000 
111110010000 
000000000000 
111110100000 
000011000000 
111101100000 
000011010000 
111110000000 
111111100000 
000000100000 
111111000000 
111100100000 
000000000000 
000011100000 
000010110000 
000001110000 
000000100000 
111110000000 
000000010000 
000000110000 
000001110000 
111111100000 
000000010000 
111100110000 
000000100000 
111110110000 
111100100000 
000001000000 
111101100000 
111101100000 
000000010000 
111110000000 
111101100000 
111101110000 
111101010000 
111100110000 
000000100000 
111111110000 
111110000000 
000000000000 
111100110000 
000011000000 
111100110000 
111110010000 
000000100000 
000000100000 
111110100000 
111111000000 
000001100000 
111101000000 
000000000000 
000001100000 
111101010000 
000000010000 
000010000000 
111101110000 
000010100000 
000011100000 
111100100000 
000010110000 
111101100000 
000010110000 
111100010000 
111100010000 
111110110000 
000001000000 
000001110000 
000010110000 
000011110000 
111101110000 
111111010000 
111100110000 
000000000000 
111100010000 
000011000000 
000001010000 
111111110000 
111100010000 
111101000000 
000010110000 
000011100000 
111110000000 
111110100000 
000000100000 
000001010000 
111101010000 
000001000000 
000010110000 
111100100000 
111111110000 
000011000000 
111100010000 
000000000000 
000000010000 
000010000000 
111100010000 
000010010000 
111111010000 
000001000000 
000001110000 
111100010000 
111100110000 
111101110000 
111101100000 
111100100000 
000001110000 
111110110000 
000011010000 
111110100000 
111100100000 
000011100000 
111101000000 
111100010000 
000010110000 
000010000000 
000010010000 
111101010000 
111111100000 
111111100000 
111110010000 
000000000000 
000011100000 
111111010000 
000011010000 
000011010000 
000011110000 
000001100000 
000011000000 
111101100000 
111111010000 
000011110000 
111110000000 
000000100000 
000011010000 
000010110000 
000010000000 
111110010000 
000111100000 
000111000110 
000101001110 
000001010100 
000100110010 
111100100110 
000100011110 
000101110110 
111111101110 
111001101100 
000100010010 
000100011100 
000100000000 
000111011100 
111100010100 
111001001100 
000110010110 
000111100010 
111100011110 
000000101000 
111111001010 
000001110010 
111011001000 
111000011010 
111000001110 
111111111110 
111100101110 
000110110000 
000101010110 
000011101010 
000000100010 
111110010010 
111111101100 
111100100000 
000000100010 
000100010010 
000111110110 
111101000100 
000001001100 
000111010100 
000010011010 
000001010000 
000011100000 
000010101100 
000110110010 
111000010010 
000010011010 
111101011100 
111010100000 
111010100110 
000111000100 
000001100110 
000100011100 
000100100000 
111111110000 
111110110110 
111100011110 
111101101000 
000111101000 
000100110000 
111110000010 
000011001100 
111100101000 
111111110100 
000000110110 
000110101100 
111110110110 
000111100010 
111011000000 
111001000010 
000011100000 
000111111110 
111101001000 
111101010100 
000000101110 
111111010110 
000101011010 
111000111000 
000011011000 
000111110100 
111110000010 
000001000000 
000011101010 
111100110010 
111010100010 
000001010110 
000001011000 
000011011110 
111011100000 
000100011000 
000100111100 
000100111110 
111001110010 
111110011110 
000011111110 
111111011000 
000000010000 
000001101000 
111100110100 
111000100100 
111010101010 
111111111110 
111010000100 
111010000000 
111000101110 
000000011000 
111111010100 
000101110010 
111111111010 
111011010110 
000001110000 
111000001000 
111100101010 
000000100100 
111010001010 
000001011110 
111101101000 
000100101000 
111010100100 
111000010000 
000101000100 
111011110010 
000001001100 
000111100110 
000101010110 
000011110100 
111010100000 
000010101000 
111000010010 
111010101010 
000100100100 
000000010110 
111100101000 
111110001100 
000110100010 
000010000110 
111011110010 
111101100100 
000111101000 
000110101110 
000000100000 
111010100110 
111111010010 
000011010100 
000100001010 
000110010010 
000010100010 
111101110100 
111111000110 
111001101010 
111011000010 
000101010010 
111110111110 
111101110100 
000110100010 
000110101010 
111010000100 
000111001000 
000111011110 
111100001000 
111010110010 
000011111110 
000100100110 
111100100010 
000111001000 
111111001100 
000110011000 
000011000000 
000001100100 
000100111110 
000101111100 
000010000010 
000000011000 
000001101010 
000000100010 
000001110110 
000101000010 
111000110000 
111011101000 
000000001010 
000010000010 
111111010000 
000001110110 
000111100110 
111011111110 
000001001010 
000010101110 
111111011010 
111101011110 
000000011110 
000000000110 
000010000000 
000101010100 
000101010010 
111111000010 
111100011110 
111100011110 
000100100010 
000111010010 
000001101000 
